100 2 4

0 0 7
0 2
9 9
7

1 8
6 8
4 8
1 1
0 2
7 8
6 2
8 2
2

4 4
0 8
3 7
8 8
4

5 6
2 3
5 9
7 4
4 4
5 4
6

6 8
3 4
2 2
0 5
2 5
5 1
0 2
0 1
0

9 3
0 0
9 5
7

13 7
5 1
8 3
1 3
7 6
8 6
2 2
0

1 0 3
18 4
3 8
0 7
4 3
3

23 9
7 0
1 2
5 6
1 9
2 4
2 2
8 0
4 0
2

28 4
4 8
8 7
7 7
9

2 3 1
32 2
3 6
5

3 2 1
36 7
6 5
8 9
1 8
9 0
4 3
6 3
7

4 0 9
37 8
3 1
6 1
6 5
3 5
2 1
7 3
8 6
5

40 5
3 3
5 3
9 4
9 9
5

41 5
4 9
2 8
1 0
7 9
9

45 7
8 0
0 5
3 6
1 5
0 3
7 4
5

46 7
9 6
4 3
4 5
3 0
2 6
7 6
9

48 1
1

52 9
8 6
0 0
3 3
3 5
2 7
9 8
4 0
3 9
0

57 3
1 3
5 8
7

62 5
1 5
2 8
5 5
7 2
7

5 3 6
63 6
9 0
2 0
6 9
5 3
9 7
4

68 3
7 2
0 9
4

69 1
3

71 7
1 0
9 5
8 7
9 3
2 1
3 1
4

75 2
6 1
5

77 7
0 7
6 6
0 2
3 1
2 5
5 1
4

6 0 4
81 7
4 0
2 0
5 5
3 8
9 1
8 1
7

86 9
6 7
9 3
7 8
4 4
7 9
5 1
8 7
6 9
8

87 7
9 2
1 3
4 4
5 2
9 2
9 5
8

91 7
4 9
5 0
1 0
1 2
0 7
6 1
6

7 1 9
95 3
0 2
8 7
5

100 7
1 9
9 1
7 1
1 4
6 3
3 6
7

105 9
1 4
2 0
1 9
6 6
0 5
4 7
2 9
5 6
3

107 6
8 4
8 5
0 1
8 4
2 5
9

111 3
4 2
1 3
5

115 5
9 1
5 7
9 0
5 1
4

119 5
9 9
7 1
2 2
2 4
7

124 8
8 1
5 5
9 1
2 1
4 7
4 2
4 1
5

128 5
5 9
0 4
7 6
9 0
9

8 1 1
129 7
2 5
0 2
4 0
3 9
8 6
0 7
4

9 1 6
132 4
3 7
3 9
5 3
0

136 9
9 2
3 8
3 3
6 5
7 5
7 0
8 0
9 7
1

141 1
8

145 2
8 5
4

149 8
0 0
6 7
7 2
7 4
9 2
8 3
2 7
0

154 9
1 1
2 2
2 5
1 2
9 8
2 9
5 9
9 4
3

10 0 1
158 7
4 1
6 9
6 5
5 9
4 2
5 6
8

11 1 8
161 8
1 4
5 3
2 3
8 1
4 4
8 1
0 8
1

164 5
9 0
9 7
1 5
3 5
7

166 1
8

168 6
7 2
7 4
6 1
1 8
4 2
4

169 2
4 4
9

174 6
5 8
5 5
0 7
6 1
7 3
4

179 9
9 8
7 3
0 2
3 8
2 4
7 9
4 9
8 1
2

182 5
2 9
8 6
7 2
7 4
6

12 1 7
186 9
9 9
1 6
6 1
5 7
6 8
7 2
3 2
6 7
0

190 1
4

192 2
3 6
1

194 1
1

199 6
4 0
8 5
6 8
7 4
4 2
5

204 6
0 0
6 1
9 2
7 4
1 5
5

209 2
7 1
5

13 2 5
212 8
5 9
8 3
2 9
6 0
6 8
8 0
3 8
6

213 3
0 3
6 0
5

214 6
8 9
8 5
1 4
4 3
9 8
2

215 5
6 4
0 1
9 8
3 9
8

217 5
2 1
7 1
2 7
8 7
0

14 2 9
221 3
1 0
1 4
5

222 5
2 9
1 4
5 0
3 2
5

225 1
6

230 5
8 5
4 7
9 6
3 9
6

231 5
0 9
4 6
0 6
0 5
6

232 1
4

235 8
0 9
8 2
9 8
6 3
8 8
9 5
8 7
6

239 4
6 5
2 3
3 2
7

240 1
8

15 2 4
243 8
0 5
3 9
0 0
9 9
9 8
8 4
4 8
6

244 7
7 3
5 2
7 2
7 5
3 1
7 6
5

249 7
3 5
8 0
1 4
4 7
1 0
8 4
5

250 1
6

16 1 2
251 7
7 3
2 4
8 9
8 9
3 3
1 3
8

256 4
7 4
9 8
1 8
5

17 0 8
258 9
2 4
4 0
5 3
0 3
4 8
7 0
5 3
8 2
8

259 6
7 9
9 4
2 8
3 2
0 2
9

264 6
5 3
7 0
6 0
8 7
7 0
7

266 5
4 1
4 3
2 8
4 1
4

269 8
2 6
7 1
4 4
7 5
8 9
1 4
3 4
0

273 2
0 9
5

274 4
7 8
2 4
9 8
6

279 1
3

18 2 8
282 1
4

285 9
7 5
7 3
7 1
8 9
0 9
6 8
4 3
0 6
0

288 2
7 9
9

292 2
9 3
6

295 3
9 6
3 3
5

297 6
1 2
3 5
5 2
5 0
6 1
8

300 8
3 6
8 5
7 2
3 1
5 4
2 9
3 7
7

303 4
6 4
1 9
3 9
8

19 2 2
304 6
1 8
7 5
0 4
8 5
8 0
1

308 8
8 3
8 2
4 5
2 5
4 2
2 3
2 7
1

20 3 7
312 6
7 4
0 5
0 7
7 8
2 0
5

316 3
8 3
1 5
5

317 5
7 7
9 8
2 6
6 3
6

318 2
1 2
2

321 6
1 5
5 8
4 3
0 1
2 9
7

326 4
7 0
9 4
6 8
7

329 2
8 4
3

21 3 8
334 2
6 4
0

335 1
8

337 9
3 1
3 4
6 1
1 0
5 6
6 2
9 1
2 8
5

340 2
2 8
2

341 8
6 0
9 5
8 6
8 1
5 2
5 1
4 4
8

345 5
8 0
9 4
6 6
7 5
3

347 5
1 8
8 7
3 0
6 7
1

352 3
8 5
0 8
4

22 0 8
354 1
0

358 6
5 2
7 5
8 2
2 2
6 6
9

363 4
6 4
8 2
9 9
3

365 1
6

370 6
1 8
9 8
7 7
2 1
0 2
7

374 7
1 9
0 0
6 0
6 7
5 1
0 6
0

379 3
0 8
7 4
3

381 9
1 1
5 9
1 3
7 4
3 5
8 8
8 6
3 6
7

23 2 6
385 7
3 0
1 0
4 3
7 8
6 8
1 0
7

390 9
2 8
5 4
4 7
3 3
2 5
4 8
8 9
9 9
9

392 9
7 0
0 8
6 6
8 6
3 0
6 6
8 3
8 0
7

394 2
2 1
6

399 7
8 7
8 7
1 9
1 0
8 8
7 1
6

401 2
2 6
3

24 1 3
402 3
1 7
3 2
2

403 9
0 3
3 9
7 9
0 4
5 7
5 1
8 6
7 2
5

405 3
3 9
2 8
9

25 1 5
407 9
8 7
3 1
2 8
0 6
1 1
9 0
3 8
7 6
1

412 5
1 9
8 6
4 6
5 2
2

417 5
5 4
5 7
7 8
5 9
7

422 1
8

426 6
8 1
5 3
8 0
3 6
4 4
0

26 0 4
428 9
6 4
2 7
4 3
1 0
7 3
5 0
8 5
4 7
2

432 6
7 9
5 7
1 1
1 1
9 4
8

435 4
6 5
0 8
8 0
1

437 3
0 2
2 3
9

27 2 7
441 8
4 7
4 4
8 5
8 5
7 4
1 6
3 3
7

444 1
9

449 2
1 4
1

452 3
6 6
4 4
2

455 8
0 6
3 6
4 0
4 3
2 1
6 7
4 5
1

458 3
1 4
6 9
2

459 5
3 0
5 1
5 8
6 9
7

28 2 4
460 2
1 5
4

462 3
3 2
3 6
6

463 3
2 7
2 8
9

464 7
4 5
3 7
8 1
8 1
3 6
7 5
9

29 0 1
467 7
1 6
2 4
7 8
7 2
2 9
1 9
5

30 0 1
471 2
3 1
0

31 1 6
473 8
5 7
7 7
5 9
8 8
4 7
7 0
4 2
4

475 9
4 4
8 3
4 0
3 9
9 7
9 6
4 7
3 8
3

479 5
7 8
7 2
4 2
6 4
0

484 2
7 8
4

489 2
8 6
6

490 9
8 8
5 8
8 4
7 8
3 6
3 7
5 7
2 7
1

32 0 9
493 9
9 3
6 9
5 4
3 4
4 5
5 1
6 2
1 9
7

497 9
6 2
9 4
2 3
4 3
8 7
2 7
8 1
7 1
5

502 8
4 8
9 8
0 2
3 5
2 3
2 4
2 6
9

507 4
9 1
0 9
8 7
3

508 1
6

511 2
2 3
0

514 5
4 9
6 2
8 7
1 1
0

517 2
5 1
8

521 8
5 0
8 6
7 0
6 5
9 5
9 2
2 9
1

33 2 1
524 1
5

34 0 4
527 5
2 5
3 9
4 3
3 0
9

531 4
3 9
7 1
0 0
9

535 2
4 3
0

536 1
9

35 1 9
539 8
5 5
5 0
5 8
0 9
0 0
4 6
0 1
5

541 9
8 5
7 4
8 3
5 0
9 0
8 4
2 9
6 3
2

544 9
9 8
8 6
2 9
0 4
9 4
7 1
9 7
6 3
2

546 8
6 9
3 8
9 4
9 5
0 7
3 2
1 8
1

548 9
5 5
2 5
6 4
3 1
4 7
2 0
8 9
5 1
8

552 8
2 7
6 1
3 2
2 1
2 6
9 3
8 0
7

557 2
5 3
8

562 2
5 0
8

567 3
9 4
5 5
8

36 2 4
571 8
8 3
0 7
2 1
3 1
8 2
6 7
2 4
6

576 9
2 8
9 1
7 2
8 8
8 5
5 8
2 3
2 9
1

580 5
4 3
7 0
7 5
9 4
1

581 3
1 4
7 2
0

37 3 5
585 8
8 2
9 2
7 4
8 0
3 8
4 5
5 8
1

588 9
6 7
0 5
9 4
6 1
3 6
3 0
5 5
3 7
7

593 3
7 6
5 7
1

596 9
9 1
6 4
2 3
0 4
8 2
5 1
0 4
6 0
3

598 1
3

38 1 4
602 5
1 9
4 7
2 4
7 7
1

603 3
4 7
7 9
8

604 3
3 5
7 1
2

606 2
9 5
2

39 1 2
609 4
2 5
9 6
4 4
7

610 8
4 4
4 2
2 4
5 1
7 7
4 6
2 9
8

40 2 3
612 1
7

615 5
1 4
6 3
7 5
2 5
5

618 8
3 7
9 3
0 7
4 8
4 8
0 5
3 2
6

41 2 6
623 6
0 7
1 7
4 8
3 0
6 8
3

625 4
2 8
5 5
5 2
1

626 7
3 8
2 4
1 9
7 2
2 9
6 0
5

627 3
4 5
3 1
9

630 9
1 7
5 6
1 5
6 8
7 1
8 9
0 1
5 9
0

635 2
7 0
4

42 0 1
638 7
5 1
1 5
5 6
4 4
0 0
0 6
6

43 3 1
643 8
9 0
6 9
0 1
3 3
8 9
1 4
0 0
4

44 0 8
646 4
2 1
3 0
8 2
3

651 9
9 3
3 7
8 1
2 9
5 0
0 6
2 5
7 3
2

655 9
6 0
3 2
3 8
3 6
2 1
1 5
5 5
0 1
6

657 9
2 0
6 9
4 4
7 8
3 3
9 7
5 3
7 2
4

660 4
8 9
4 7
4 0
1

661 5
2 9
0 9
8 4
8 8
4

662 2
2 7
3

664 9
0 9
5 6
2 7
6 6
2 1
6 8
9 4
3 3
1

45 1 1
667 5
6 2
1 6
3 4
0 5
1

46 1 2
670 8
3 8
4 3
4 9
9 6
2 2
7 0
2 6
1

675 8
5 3
1 8
3 6
3 4
8 3
4 6
7 4
2

47 2 5
678 9
4 6
9 0
1 9
5 8
0 3
7 6
2 5
7 5
0

683 3
3 4
2 3
9

687 8
7 3
1 1
7 8
8 8
7 6
5 9
4 4
7

692 6
4 2
1 9
9 7
1 7
0 5
5

694 9
0 4
5 9
9 1
1 4
1 7
9 0
4 8
7 5
5

48 3 3
695 6
8 3
0 7
4 1
6 2
4 1
2

699 4
4 9
4 4
2 8
7

703 6
3 5
4 8
7 0
1 5
8 5
2

49 0 2
707 9
2 5
9 2
3 6
6 5
9 0
8 2
9 3
6 6
6

712 2
1 0
4

50 3 1
715 3
7 9
2 8
8

51 2 6
719 3
6 3
9 2
6

720 1
6

722 7
3 5
6 0
0 2
7 0
5 7
5 9
6

725 4
8 8
5 1
8 9
8

727 7
4 9
2 4
1 3
8 6
6 6
9 4
8

730 5
1 7
5 9
9 7
8 1
7

52 3 6
734 5
7 5
6 7
3 1
4 8
6

735 6
2 5
6 9
5 0
7 6
5 9
2

738 7
6 5
2 3
2 3
8 9
6 9
1 4
2

743 8
0 8
5 2
3 2
2 1
7 8
9 0
4 4
8

746 2
4 6
4

747 7
0 3
9 6
9 5
1 3
4 8
0 2
9

53 1 7
749 2
2 4
1

754 2
3 5
7

757 8
1 1
8 0
0 4
6 6
5 7
1 9
3 3
3

758 3
1 9
8 8
7

759 9
9 3
6 7
4 7
0 6
8 6
2 0
6 1
8 8
3

764 1
7

769 2
2 5
4

54 2 5
774 4
6 3
2 9
5 3
1

776 7
5 4
4 2
3 8
8 3
6 4
5 0
5

781 6
0 2
9 6
2 3
6 5
6 8
0

784 3
9 4
8 7
4

786 9
5 4
3 7
6 9
5 3
1 3
6 7
5 2
5 7
9

55 3 3
791 1
5

792 1
1

796 8
7 9
6 3
8 3
6 5
3 8
5 2
5 7
4

56 3 8
798 1
4

801 5
0 9
5 0
3 4
6 6
6

805 6
4 9
0 9
5 1
5 8
5 9
2

809 2
4 7
4

811 7
9 6
7 8
5 9
4 3
9 2
2 3
5

816 9
2 4
1 9
4 2
9 1
8 8
7 0
6 2
1 8
3

820 3
0 2
5 7
7

823 8
5 0
4 9
3 3
3 7
1 5
8 9
8 3
6

57 1 4
828 1
6

831 4
6 5
8 7
4 3
5

832 7
2 5
1 0
3 8
1 8
2 0
0 2
5

836 5
6 0
4 7
1 4
9 9
7

58 3 4
840 1
4

843 7
4 1
3 3
8 2
5 3
7 1
1 7
2

847 9
6 5
1 9
0 0
1 1
1 9
1 1
7 6
9 1
1

848 3
9 4
9 2
4

59 3 1
851 7
1 1
8 9
0 9
1 0
3 0
1 3
4

60 2 5
854 9
9 5
2 4
0 3
6 1
7 0
9 1
8 1
4 0
7

858 9
1 7
9 5
0 4
0 0
5 6
2 1
2 0
5 8
6

863 4
3 4
5 6
9 2
4

867 4
5 3
3 9
7 8
4

871 9
5 7
4 6
8 6
8 4
9 8
9 6
2 0
6 4
8

61 3 5
874 3
9 0
2 0
4

878 8
3 9
8 6
2 8
6 2
8 2
3 7
5 0
4

883 7
8 9
7 6
2 5
7 0
1 1
8 9
2

887 7
7 7
8 7
1 1
4 4
3 9
9 9
9

890 6
2 7
5 7
4 0
0 9
2 2
3

62 2 4
895 9
5 9
6 9
0 3
7 7
7 6
5 3
2 8
0 9
1

898 9
3 6
5 4
6 6
1 9
0 9
1 9
6 9
6 2
9

903 8
1 8
1 4
3 9
0 5
6 3
2 3
9 4
8

904 5
1 4
6 8
7 1
0 9
5

63 2 4
905 2
5 4
0

908 1
9

910 9
8 9
5 8
3 3
3 4
1 4
7 0
6 9
9 8
5

913 9
7 9
8 9
6 3
4 9
0 2
6 9
0 2
7 7
5

64 1 7
918 5
8 2
3 6
4 4
2 2
3

922 5
0 3
8 2
3 6
8 4
3

926 6
6 7
4 4
6 3
1 7
1 4
2

929 9
5 6
0 9
8 0
5 4
8 8
6 6
2 1
6 7
8

930 2
8 6
8

935 4
3 6
9 0
3 5
4

937 8
6 6
4 2
0 0
8 5
3 6
8 1
7 0
9

65 3 5
938 5
7 2
0 2
5 0
7 9
8

943 5
2 0
2 6
8 8
5 2
8

944 3
9 9
9 9
8

949 9
2 5
4 6
6 7
2 6
3 8
6 2
2 6
4 8
4

952 6
4 9
9 3
5 5
6 8
8 6
4

66 2 7
953 2
4 0
3

954 8
2 3
9 0
2 0
5 9
8 6
7 0
5 4
7

958 2
5 5
8

959 3
4 7
4 9
6

962 9
5 5
8 3
2 5
7 0
5 4
2 5
3 7
3 6
0

967 5
4 7
5 6
3 6
7 9
9

968 6
3 8
3 9
4 3
4 8
2 3
1

67 0 3
973 8
4 4
1 6
3 1
7 7
4 1
2 2
3 3
0

978 7
9 6
9 7
5 6
9 3
7 9
5 0
8

983 6
2 2
5 2
0 8
9 5
9 6
3

68 3 8
988 5
0 7
6 1
9 1
7 4
8

990 6
1 9
5 2
6 2
5 8
8 3
7

995 8
0 5
6 0
6 5
2 0
1 8
0 0
4 0
9

998 7
1 3
7 3
5 9
9 3
8 2
1 7
7

999 4
6 9
4 5
5 5
8

1001 3
5 8
5 0
4

1005 4
4 7
6 0
7 5
9

1008 7
1 8
7 1
0 7
5 8
2 5
2 0
2

69 0 3
1009 6
7 2
4 8
7 6
6 0
5 4
6

1011 9
3 6
9 2
1 2
0 9
6 7
9 4
6 8
0 5
9

1016 3
7 8
5 9
4

70 3 9
1021 7
4 9
7 6
9 9
2 7
8 0
9 4
5

1022 4
7 5
8 6
5 8
2

1027 2
4 1
9

1030 5
0 7
3 7
4 6
7 3
3

1033 9
3 4
9 9
0 4
4 6
4 7
4 4
1 7
0 9
5

1034 5
7 5
2 3
2 1
6 8
1

1038 8
8 1
3 8
5 9
5 3
2 1
5 2
9 7
9

1039 4
6 4
9 5
0 5
3

1041 2
4 4
6

71 3 4
1046 8
2 2
7 9
4 8
2 0
5 8
7 1
9 4
9

1050 6
2 6
8 3
1 8
2 3
1 8
2

1053 3
3 2
1 5
2

1054 5
5 2
0 6
5 9
8 4
6

72 2 1
1057 8
3 1
4 0
4 8
9 2
4 8
0 9
4 7
3

73 1 7
1060 9
8 7
6 4
1 6
2 6
2 8
0 9
2 3
8 2
0

1065 9
6 1
2 8
8 8
1 9
8 8
4 4
4 7
3 9
2

1068 8
0 7
6 4
0 3
5 0
0 0
4 4
0 3
3

1069 3
4 1
1 0
5

1074 2
3 2
6

1075 1
6

1076 6
6 9
2 8
0 8
8 7
3 0
5

74 2 4
1079 9
1 3
5 7
2 2
9 4
9 7
7 6
4 4
9 7
3

1081 6
4 7
7 0
2 4
9 0
4 8
9

1086 7
8 0
4 7
3 3
0 6
2 2
8 7
8

1091 3
3 4
1 9
7

75 2 8
1096 6
1 9
5 3
6 1
3 7
6 5
8

1100 7
0 4
8 3
3 9
7 8
2 3
4 0
4

1105 6
2 4
3 0
4 5
8 1
0 0
2

1106 4
7 2
8 7
0 9
6

1108 8
9 4
9 8
2 0
2 3
7 7
8 4
1 3
4

1112 4
6 6
4 4
6 2
3

1113 1
3

1118 3
6 3
5 8
5

76 1 3
1121 2
9 9
0

1124 8
6 5
3 3
9 6
2 9
3 3
7 8
4 4
2

1127 8
3 7
2 5
2 0
0 9
8 7
9 9
8 3
4

77 3 2
1129 4
8 2
8 1
1 1
5

1133 8
2 9
6 4
1 5
8 1
0 6
3 8
9 1
2

78 1 9
1135 8
5 2
4 5
8 3
6 4
1 9
7 1
3 0
2

1137 8
0 3
1 8
8 0
3 4
6 9
8 8
4 4
2

1138 4
4 9
3 9
1 2
5

1140 7
8 5
4 2
8 1
9 6
9 9
4 8
2

1144 9
8 2
7 7
8 0
9 0
2 5
7 5
0 3
1 3
7

1147 2
2 4
4

1149 1
5

1154 9
2 9
2 1
1 4
3 1
9 4
5 4
6 4
4 0
1

1159 4
8 2
0 8
3 4
4

79 3 7
1162 1
1

1167 7
5 4
8 2
6 6
8 2
7 2
0 4
8

1169 5
5 0
0 5
6 6
1 4
2

1171 7
3 4
8 1
7 1
5 5
4 5
9 3
4

1175 3
7 8
7 7
8

1178 8
8 6
2 2
3 4
3 6
3 1
4 8
1 3
2

1183 1
9

80 2 8
1186 4
8 8
5 7
6 5
6

1190 9
2 2
6 5
8 9
2 2
7 2
6 3
4 0
9 0
3

1191 2
3 6
2

1195 2
1 1
8

1197 2
9 2
9

1200 6
6 5
0 3
5 0
3 7
8 3
0

1205 6
8 3
1 2
6 1
4 7
9 7
4

1210 5
6 6
5 8
5 2
5 3
5

81 0 2
1214 4
3 8
4 9
5 4
2

1219 3
5 5
9 6
2

82 3 1
1223 5
7 1
9 3
1 9
7 2
8

83 3 4
1227 3
8 9
3 9
2

1231 8
3 1
6 2
1 9
6 0
1 6
0 1
5 0
9

1232 9
9 1
0 6
0 0
0 0
9 8
3 3
1 4
9 4
3

1236 7
4 7
5 8
9 6
8 5
6 6
4 8
8

84 1 6
1237 6
0 3
3 0
5 9
5 6
2 6
6

1238 7
7 6
4 9
7 2
0 6
2 5
6 6
9

1243 4
8 2
5 7
7 8
8

1244 4
7 7
9 1
3 4
6

1248 7
9 7
4 5
7 5
9 1
7 5
2 8
5

1249 2
7 2
1

85 2 8
1250 4
0 5
6 8
2 6
4

1253 8
0 1
7 1
8 5
6 1
0 4
8 7
7 5
0

1258 6
2 1
6 5
2 9
9 9
5 0
1

1261 4
8 8
9 6
3 8
0

1263 9
9 6
4 9
8 7
7 4
8 5
2 9
0 4
3 4
9

1266 2
2 1
7

1268 9
0 6
1 2
1 2
8 3
2 3
2 4
9 1
8 9
9

1271 5
0 5
1 7
4 9
2 2
8

86 1 6
1273 5
3 6
8 1
6 7
2 9
1

1278 5
2 4
2 3
5 3
9 3
5

1283 5
7 6
1 4
5 6
7 6
5

1284 1
8

1287 4
2 6
7 1
5 5
1

1292 8
5 6
1 5
2 4
6 4
2 1
2 0
8 8
0

87 1 1
1293 6
0 3
9 1
4 4
1 9
2 2
3

88 0 3
1298 2
5 0
4

1299 4
6 5
9 4
2 6
0

1302 7
5 7
9 0
2 6
0 3
4 1
5 2
8

89 2 4
1305 6
4 4
0 3
9 8
3 9
5 0
5

1308 6
9 5
5 6
2 8
3 9
2 2
0

1310 6
4 0
9 4
8 3
6 3
2 0
7

1314 5
7 8
0 2
9 8
4 2
5

90 0 9
1317 7
1 2
9 6
8 9
3 3
8 7
0 3
5

1319 2
5 2
1

1324 6
3 6
5 2
8 5
7 2
1 8
5

1329 1
3

1332 8
5 1
8 6
1 6
1 1
7 6
3 3
6 1
9

1336 7
4 3
1 6
3 9
2 9
0 1
4 4
2

1341 7
5 9
5 6
9 8
6 8
4 7
8 0
0

1343 1
1

1346 9
6 7
2 2
4 8
0 5
0 0
9 4
5 8
6 4
1

91 2 2
1350 7
5 3
3 3
4 7
8 0
5 9
8 7
0

1352 8
7 6
7 8
2 9
9 6
3 7
0 6
4 7
2

92 3 3
1354 5
5 2
4 8
7 5
5 9
5

1356 9
8 3
1 6
8 5
3 5
5 7
5 8
6 5
9 9
6

1361 4
2 0
8 6
3 8
7

93 2 5
1366 8
8 7
6 7
4 2
9 4
3 0
8 4
2 9
4

1371 7
1 3
3 2
8 3
2 3
0 2
2 2
5

1373 6
1 4
6 8
4 7
7 5
2 7
6

1374 3
9 2
7 7
0

1379 3
8 5
7 3
2

94 3 6
1380 8
7 5
8 5
3 5
9 5
5 1
3 6
7 3
9

1382 8
5 6
6 8
3 7
3 7
1 3
4 9
0 6
9

1384 7
0 7
5 1
4 9
8 0
3 9
8 7
0

1388 3
3 5
3 5
6

1391 8
6 1
6 5
7 2
8 5
5 5
9 8
0 0
3

1393 4
5 3
3 7
2 5
0

95 3 2
1394 9
2 3
7 6
3 8
3 3
0 0
6 1
1 5
7 5
3

1398 9
3 3
2 4
2 9
9 4
1 5
5 7
0 7
4 1
0

96 3 2
1403 7
4 1
9 2
9 8
1 6
6 0
3 5
2

1408 4
6 4
1 4
3 7
6

97 3 7
1411 3
1 6
9 3
8

1414 8
4 0
0 4
5 2
8 2
5 2
2 3
7 0
8

1416 1
7

1421 9
5 6
8 5
8 3
2 4
9 8
1 8
4 5
7 3
0

1424 6
2 4
6 1
0 4
0 6
6 1
2

1428 2
6 7
2

1431 2
4 6
5

98 1 6
1433 3
9 9
1 0
6

1436 2
1 8
4

1438 2
3 3
3

1440 5
3 2
0 4
6 7
4 6
1

1441 6
9 6
7 4
6 0
6 9
5 6
5

1443 2
8 0
4

99 3 8
1445 2
8 7
7

1447 7
4 4
7 2
5 7
7 5
2 9
7 7
1

1449 9
1 8
2 0
1 1
6 6
2 4
2 9
7 2
0 9
3

1453 4
3 0
7 8
9 0
9

1456 3
5 3
3 2
6

1461 5
8 9
6 4
8 4
6 5
2

1462 7
7 3
7 5
8 9
8 7
9 0
0 0
8

1466 5
8 0
7 4
3 6
2 5
1

